0,[ 2184.0, 372.0, 0.0 ]
1,[ 2184.0, 372.0, 1.0 ]
7,[ 2202.0, 369.0, 1.0 ]
8,[ 2202.0, 369.0, 1.0 ]
11,[ 2211.0, 366.0, 1.0 ]
12,[ 2211.0, 366.0, 1.0 ]
15,[ 2220.0, 363.0, 1.0 ]
16,[ 2220.0, 363.0, 1.0 ]
31,[ 2190.0, 351.0, 1.0 ]
32,[ 2190.0, 351.0, 1.0 ]
42,[ 2172.0, 342.0, 1.0 ]
43,[ 2172.0, 342.0, 1.0 ]
45,[ 2178.0, 339.0, 1.0 ]
46,[ 2178.0, 339.0, 1.0 ]
48,[ 2184.0, 336.0, 1.0 ]
49,[ 2184.0, 336.0, 1.0 ]
51,[ 2190.0, 333.0, 1.0 ]
52,[ 2190.0, 333.0, 1.0 ]
54,[ 2196.0, 330.0, 1.0 ]
55,[ 2196.0, 330.0, 1.0 ]
58,[ 2199.0, 321.0, 1.0 ]
59,[ 2199.0, 321.0, 1.0 ]
60,[ 2202.0, 318.0, 1.0 ]
61,[ 2202.0, 318.0, 1.0 ]
62,[ 2205.0, 315.0, 1.0 ]
63,[ 2205.0, 315.0, 1.0 ]
82,[ 2172.0, 294.0, 1.0 ]
83,[ 2172.0, 294.0, 1.0 ]
87,[ 2160.0, 297.0, 1.0 ]
88,[ 2160.0, 297.0, 1.0 ]
90,[ 2154.0, 300.0, 1.0 ]
91,[ 2154.0, 300.0, 1.0 ]
95,[ 2148.0, 309.0, 1.0 ]
96,[ 2148.0, 309.0, 1.0 ]
97,[ 2145.0, 312.0, 1.0 ]
98,[ 2145.0, 312.0, 1.0 ]
100,[ 2142.0, 318.0, 1.0 ]
101,[ 2142.0, 318.0, 1.0 ]
104,[ 2139.0, 327.0, 1.0 ]
105,[ 2139.0, 327.0, 1.0 ]
136,[ 2184.0, 372.0, 1.0 ]
137,[ 2184.0, 372.0, 1.0 ]
137,[ 2184.0, 372.0, 1.0 ]
138,[ 2184.0, 372.0, 0.0 ]
138,[ 2184.0, 372.0, 0.0 ]
139,[ 2184.0, 372.0, 0.0 ]
140,[ 1851.0, 411.0, 0.0 ]
141,[ 1851.0, 411.0, 1.0 ]
142,[ 1854.0, 408.0, 1.0 ]
143,[ 1854.0, 408.0, 1.0 ]
145,[ 1857.0, 402.0, 1.0 ]
146,[ 1857.0, 402.0, 1.0 ]
159,[ 1851.0, 372.0, 1.0 ]
160,[ 1851.0, 372.0, 1.0 ]
162,[ 1854.0, 366.0, 1.0 ]
163,[ 1854.0, 366.0, 1.0 ]
187,[ 1899.0, 390.0, 1.0 ]
188,[ 1899.0, 390.0, 1.0 ]
189,[ 1902.0, 387.0, 1.0 ]
190,[ 1902.0, 387.0, 1.0 ]
192,[ 1905.0, 381.0, 1.0 ]
193,[ 1905.0, 381.0, 1.0 ]
214,[ 1905.0, 321.0, 1.0 ]
215,[ 1905.0, 321.0, 1.0 ]
238,[ 1878.0, 330.0, 1.0 ]
239,[ 1878.0, 330.0, 1.0 ]
241,[ 1875.0, 336.0, 1.0 ]
242,[ 1875.0, 336.0, 1.0 ]
247,[ 1860.0, 339.0, 1.0 ]
248,[ 1860.0, 339.0, 1.0 ]
271,[ 1827.0, 306.0, 1.0 ]
272,[ 1827.0, 306.0, 1.0 ]
274,[ 1824.0, 312.0, 1.0 ]
275,[ 1824.0, 312.0, 1.0 ]
318,[ 1851.0, 411.0, 1.0 ]
319,[ 1851.0, 411.0, 1.0 ]
319,[ 1851.0, 411.0, 1.0 ]
320,[ 1851.0, 411.0, 0.0 ]
320,[ 1851.0, 411.0, 0.0 ]
321,[ 1851.0, 411.0, 0.0 ]
322,[ 1965.0, 390.0, 0.0 ]
323,[ 1965.0, 390.0, 1.0 ]
325,[ 1971.0, 387.0, 1.0 ]
326,[ 1971.0, 387.0, 1.0 ]
327,[ 1974.0, 384.0, 1.0 ]
328,[ 1974.0, 384.0, 1.0 ]
330,[ 1977.0, 378.0, 1.0 ]
331,[ 1977.0, 378.0, 1.0 ]
332,[ 1980.0, 375.0, 1.0 ]
333,[ 1980.0, 375.0, 1.0 ]
366,[ 2037.0, 384.0, 1.0 ]
367,[ 2037.0, 384.0, 1.0 ]
368,[ 2040.0, 381.0, 1.0 ]
369,[ 2040.0, 381.0, 1.0 ]
370,[ 2043.0, 378.0, 1.0 ]
371,[ 2043.0, 378.0, 1.0 ]
373,[ 2049.0, 375.0, 1.0 ]
374,[ 2049.0, 375.0, 1.0 ]
403,[ 2118.0, 384.0, 1.0 ]
404,[ 2118.0, 384.0, 1.0 ]
406,[ 2124.0, 381.0, 1.0 ]
407,[ 2124.0, 381.0, 1.0 ]
410,[ 2130.0, 375.0, 1.0 ]
411,[ 2130.0, 375.0, 1.0 ]
452,[ 2112.0, 333.0, 1.0 ]
453,[ 2112.0, 333.0, 1.0 ]
479,[ 2058.0, 312.0, 1.0 ]
480,[ 2058.0, 312.0, 1.0 ]
484,[ 2052.0, 321.0, 1.0 ]
485,[ 2052.0, 321.0, 1.0 ]
488,[ 2046.0, 327.0, 1.0 ]
489,[ 2046.0, 327.0, 1.0 ]
497,[ 2028.0, 324.0, 1.0 ]
498,[ 2028.0, 324.0, 1.0 ]
499,[ 2025.0, 327.0, 1.0 ]
500,[ 2025.0, 327.0, 1.0 ]
517,[ 2028.0, 360.0, 1.0 ]
518,[ 2028.0, 360.0, 1.0 ]
542,[ 1989.0, 330.0, 1.0 ]
543,[ 1989.0, 330.0, 1.0 ]
544,[ 1986.0, 333.0, 1.0 ]
545,[ 1986.0, 333.0, 1.0 ]
553,[ 1983.0, 351.0, 1.0 ]
554,[ 1983.0, 351.0, 1.0 ]
579,[ 1938.0, 324.0, 1.0 ]
580,[ 1938.0, 324.0, 1.0 ]
603,[ 1956.0, 366.0, 1.0 ]
604,[ 1956.0, 366.0, 1.0 ]
628,[ 1914.0, 339.0, 1.0 ]
629,[ 1914.0, 339.0, 1.0 ]
666,[ 1965.0, 390.0, 1.0 ]
667,[ 1965.0, 390.0, 1.0 ]
667,[ 1965.0, 390.0, 1.0 ]
668,[ 1965.0, 390.0, 0.0 ]
668,[ 1965.0, 390.0, 0.0 ]
669,[ 1965.0, 390.0, 0.0 ]
670,[ 1719.0, 531.0, 0.0 ]
671,[ 1719.0, 531.0, 1.0 ]
674,[ 1728.0, 528.0, 1.0 ]
675,[ 1728.0, 528.0, 1.0 ]
676,[ 1731.0, 525.0, 1.0 ]
677,[ 1731.0, 525.0, 1.0 ]
678,[ 1734.0, 522.0, 1.0 ]
679,[ 1734.0, 522.0, 1.0 ]
681,[ 1740.0, 519.0, 1.0 ]
682,[ 1740.0, 519.0, 1.0 ]
684,[ 1743.0, 513.0, 1.0 ]
685,[ 1743.0, 513.0, 1.0 ]
686,[ 1746.0, 510.0, 1.0 ]
687,[ 1746.0, 510.0, 1.0 ]
689,[ 1749.0, 504.0, 1.0 ]
690,[ 1749.0, 504.0, 1.0 ]
692,[ 1752.0, 498.0, 1.0 ]
693,[ 1752.0, 498.0, 1.0 ]
695,[ 1758.0, 495.0, 1.0 ]
696,[ 1758.0, 495.0, 1.0 ]
700,[ 1761.0, 483.0, 1.0 ]
701,[ 1761.0, 483.0, 1.0 ]
703,[ 1764.0, 477.0, 1.0 ]
704,[ 1764.0, 477.0, 1.0 ]
714,[ 1767.0, 447.0, 1.0 ]
715,[ 1767.0, 447.0, 1.0 ]
723,[ 1770.0, 423.0, 1.0 ]
724,[ 1770.0, 423.0, 1.0 ]
761,[ 1740.0, 351.0, 1.0 ]
762,[ 1740.0, 351.0, 1.0 ]
765,[ 1734.0, 357.0, 1.0 ]
766,[ 1734.0, 357.0, 1.0 ]
778,[ 1710.0, 348.0, 1.0 ]
779,[ 1710.0, 348.0, 1.0 ]
780,[ 1707.0, 351.0, 1.0 ]
781,[ 1707.0, 351.0, 1.0 ]
782,[ 1704.0, 354.0, 1.0 ]
783,[ 1704.0, 354.0, 1.0 ]
808,[ 1662.0, 324.0, 1.0 ]
809,[ 1662.0, 324.0, 1.0 ]
816,[ 1662.0, 342.0, 1.0 ]
817,[ 1662.0, 342.0, 1.0 ]
818,[ 1659.0, 345.0, 1.0 ]
819,[ 1659.0, 345.0, 1.0 ]
820,[ 1656.0, 348.0, 1.0 ]
821,[ 1656.0, 348.0, 1.0 ]
827,[ 1644.0, 351.0, 1.0 ]
828,[ 1644.0, 351.0, 1.0 ]
833,[ 1632.0, 357.0, 1.0 ]
834,[ 1632.0, 357.0, 1.0 ]
835,[ 1629.0, 360.0, 1.0 ]
836,[ 1629.0, 360.0, 1.0 ]
850,[ 1596.0, 354.0, 1.0 ]
851,[ 1596.0, 354.0, 1.0 ]
859,[ 1572.0, 357.0, 1.0 ]
860,[ 1572.0, 357.0, 1.0 ]
862,[ 1566.0, 360.0, 1.0 ]
863,[ 1566.0, 360.0, 1.0 ]
866,[ 1560.0, 366.0, 1.0 ]
867,[ 1560.0, 366.0, 1.0 ]
868,[ 1557.0, 369.0, 1.0 ]
869,[ 1557.0, 369.0, 1.0 ]
871,[ 1554.0, 375.0, 1.0 ]
872,[ 1554.0, 375.0, 1.0 ]
889,[ 1518.0, 363.0, 1.0 ]
890,[ 1518.0, 363.0, 1.0 ]
891,[ 1515.0, 366.0, 1.0 ]
892,[ 1515.0, 366.0, 1.0 ]
893,[ 1512.0, 369.0, 1.0 ]
894,[ 1512.0, 369.0, 1.0 ]
911,[ 1476.0, 363.0, 1.0 ]
912,[ 1476.0, 363.0, 1.0 ]
916,[ 1464.0, 366.0, 1.0 ]
917,[ 1464.0, 366.0, 1.0 ]
921,[ 1452.0, 369.0, 1.0 ]
922,[ 1452.0, 369.0, 1.0 ]
924,[ 1449.0, 375.0, 1.0 ]
925,[ 1449.0, 375.0, 1.0 ]
939,[ 1452.0, 411.0, 1.0 ]
940,[ 1452.0, 411.0, 1.0 ]
946,[ 1437.0, 411.0, 1.0 ]
947,[ 1437.0, 411.0, 1.0 ]
951,[ 1428.0, 417.0, 1.0 ]
952,[ 1428.0, 417.0, 1.0 ]
958,[ 1413.0, 417.0, 1.0 ]
959,[ 1413.0, 417.0, 1.0 ]
971,[ 1419.0, 402.0, 1.0 ]
972,[ 1419.0, 402.0, 1.0 ]
973,[ 1422.0, 399.0, 1.0 ]
974,[ 1422.0, 399.0, 1.0 ]
975,[ 1425.0, 396.0, 1.0 ]
976,[ 1425.0, 396.0, 1.0 ]
978,[ 1428.0, 390.0, 1.0 ]
979,[ 1428.0, 390.0, 1.0 ]
991,[ 1410.0, 375.0, 1.0 ]
992,[ 1410.0, 375.0, 1.0 ]
999,[ 1404.0, 363.0, 1.0 ]
1000,[ 1404.0, 363.0, 1.0 ]
1005,[ 1419.0, 360.0, 1.0 ]
1006,[ 1419.0, 360.0, 1.0 ]
1009,[ 1428.0, 357.0, 1.0 ]
1010,[ 1428.0, 357.0, 1.0 ]
1013,[ 1434.0, 351.0, 1.0 ]
1014,[ 1434.0, 351.0, 1.0 ]
1030,[ 1404.0, 336.0, 1.0 ]
1031,[ 1404.0, 336.0, 1.0 ]
1034,[ 1395.0, 339.0, 1.0 ]
1035,[ 1395.0, 339.0, 1.0 ]
1038,[ 1386.0, 342.0, 1.0 ]
1039,[ 1386.0, 342.0, 1.0 ]
1041,[ 1380.0, 345.0, 1.0 ]
1042,[ 1380.0, 345.0, 1.0 ]
1048,[ 1371.0, 357.0, 1.0 ]
1049,[ 1371.0, 357.0, 1.0 ]
1102,[ 1443.0, 441.0, 1.0 ]
1103,[ 1443.0, 441.0, 1.0 ]
1106,[ 1452.0, 438.0, 1.0 ]
1107,[ 1452.0, 438.0, 1.0 ]
1110,[ 1458.0, 432.0, 1.0 ]
1111,[ 1458.0, 432.0, 1.0 ]
1119,[ 1476.0, 423.0, 1.0 ]
1120,[ 1476.0, 423.0, 1.0 ]
1124,[ 1479.0, 411.0, 1.0 ]
1125,[ 1479.0, 411.0, 1.0 ]
1156,[ 1515.0, 417.0, 1.0 ]
1157,[ 1515.0, 417.0, 1.0 ]
1158,[ 1518.0, 414.0, 1.0 ]
1159,[ 1518.0, 414.0, 1.0 ]
1161,[ 1524.0, 411.0, 1.0 ]
1162,[ 1524.0, 411.0, 1.0 ]
1177,[ 1536.0, 405.0, 1.0 ]
1178,[ 1536.0, 405.0, 1.0 ]
1196,[ 1569.0, 423.0, 1.0 ]
1197,[ 1569.0, 423.0, 1.0 ]
1239,[ 1584.0, 531.0, 1.0 ]
1240,[ 1584.0, 531.0, 1.0 ]
1242,[ 1590.0, 528.0, 1.0 ]
1243,[ 1590.0, 528.0, 1.0 ]
1245,[ 1596.0, 525.0, 1.0 ]
1246,[ 1596.0, 525.0, 1.0 ]
1262,[ 1596.0, 480.0, 1.0 ]
1263,[ 1596.0, 480.0, 1.0 ]
1269,[ 1596.0, 465.0, 1.0 ]
1270,[ 1596.0, 465.0, 1.0 ]
1285,[ 1596.0, 423.0, 1.0 ]
1286,[ 1596.0, 423.0, 1.0 ]
1291,[ 1605.0, 414.0, 1.0 ]
1292,[ 1605.0, 414.0, 1.0 ]
1294,[ 1611.0, 411.0, 1.0 ]
1295,[ 1611.0, 411.0, 1.0 ]
1297,[ 1617.0, 408.0, 1.0 ]
1298,[ 1617.0, 408.0, 1.0 ]
1299,[ 1620.0, 405.0, 1.0 ]
1300,[ 1620.0, 405.0, 1.0 ]
1305,[ 1632.0, 399.0, 1.0 ]
1306,[ 1632.0, 399.0, 1.0 ]
1307,[ 1635.0, 396.0, 1.0 ]
1308,[ 1635.0, 396.0, 1.0 ]
1311,[ 1638.0, 387.0, 1.0 ]
1312,[ 1638.0, 387.0, 1.0 ]
1318,[ 1641.0, 369.0, 1.0 ]
1319,[ 1641.0, 369.0, 1.0 ]
1354,[ 1692.0, 420.0, 1.0 ]
1355,[ 1692.0, 420.0, 1.0 ]
1357,[ 1695.0, 414.0, 1.0 ]
1358,[ 1695.0, 414.0, 1.0 ]
1359,[ 1698.0, 411.0, 1.0 ]
1360,[ 1698.0, 411.0, 1.0 ]
1362,[ 1701.0, 405.0, 1.0 ]
1363,[ 1701.0, 405.0, 1.0 ]
1378,[ 1695.0, 369.0, 1.0 ]
1379,[ 1695.0, 369.0, 1.0 ]
1380,[ 1698.0, 366.0, 1.0 ]
1381,[ 1698.0, 366.0, 1.0 ]
1427,[ 1746.0, 453.0, 1.0 ]
1428,[ 1746.0, 453.0, 1.0 ]
1430,[ 1743.0, 459.0, 1.0 ]
1431,[ 1743.0, 459.0, 1.0 ]
1438,[ 1740.0, 480.0, 1.0 ]
1439,[ 1740.0, 480.0, 1.0 ]
1441,[ 1734.0, 483.0, 1.0 ]
1442,[ 1734.0, 483.0, 1.0 ]
1444,[ 1731.0, 489.0, 1.0 ]
1445,[ 1731.0, 489.0, 1.0 ]
1447,[ 1728.0, 495.0, 1.0 ]
1448,[ 1728.0, 495.0, 1.0 ]
1449,[ 1725.0, 498.0, 1.0 ]
1450,[ 1725.0, 498.0, 1.0 ]
1451,[ 1722.0, 501.0, 1.0 ]
1452,[ 1722.0, 501.0, 1.0 ]
1455,[ 1716.0, 507.0, 1.0 ]
1456,[ 1716.0, 507.0, 1.0 ]
1457,[ 1713.0, 510.0, 1.0 ]
1458,[ 1713.0, 510.0, 1.0 ]
1481,[ 1662.0, 495.0, 1.0 ]
1482,[ 1662.0, 495.0, 1.0 ]
1516,[ 1719.0, 531.0, 1.0 ]
1517,[ 1719.0, 531.0, 1.0 ]
1517,[ 1719.0, 531.0, 1.0 ]
1518,[ 1719.0, 531.0, 0.0 ]
1518,[ 1719.0, 531.0, 0.0 ]
1519,[ 1719.0, 531.0, 0.0 ]
1520,[ 108.0, 504.0, 0.0 ]
1521,[ 108.0, 504.0, 1.0 ]
1529,[ 111.0, 480.0, 1.0 ]
1530,[ 111.0, 480.0, 1.0 ]
1537,[ 132.0, 477.0, 1.0 ]
1538,[ 132.0, 477.0, 1.0 ]
1546,[ 156.0, 474.0, 1.0 ]
1547,[ 156.0, 474.0, 1.0 ]
1583,[ 264.0, 471.0, 1.0 ]
1584,[ 264.0, 471.0, 1.0 ]
1589,[ 276.0, 471.0, 1.0 ]
1590,[ 276.0, 471.0, 1.0 ]
1593,[ 285.0, 468.0, 1.0 ]
1594,[ 285.0, 468.0, 1.0 ]
1623,[ 372.0, 465.0, 1.0 ]
1624,[ 372.0, 465.0, 1.0 ]
1632,[ 396.0, 462.0, 1.0 ]
1633,[ 396.0, 462.0, 1.0 ]
1640,[ 414.0, 462.0, 1.0 ]
1641,[ 414.0, 462.0, 1.0 ]
1659,[ 468.0, 459.0, 1.0 ]
1660,[ 468.0, 459.0, 1.0 ]
1684,[ 540.0, 456.0, 1.0 ]
1685,[ 540.0, 456.0, 1.0 ]
1701,[ 588.0, 453.0, 1.0 ]
1702,[ 588.0, 453.0, 1.0 ]
1709,[ 606.0, 453.0, 1.0 ]
1710,[ 606.0, 453.0, 1.0 ]
1712,[ 612.0, 450.0, 1.0 ]
1713,[ 612.0, 450.0, 1.0 ]
1745,[ 708.0, 447.0, 1.0 ]
1746,[ 708.0, 447.0, 1.0 ]
1754,[ 732.0, 444.0, 1.0 ]
1755,[ 732.0, 444.0, 1.0 ]
1779,[ 804.0, 441.0, 1.0 ]
1780,[ 804.0, 441.0, 1.0 ]
1804,[ 876.0, 438.0, 1.0 ]
1805,[ 876.0, 438.0, 1.0 ]
1817,[ 909.0, 438.0, 1.0 ]
1818,[ 909.0, 438.0, 1.0 ]
1823,[ 924.0, 435.0, 1.0 ]
1824,[ 924.0, 435.0, 1.0 ]
1856,[ 1020.0, 432.0, 1.0 ]
1857,[ 1020.0, 432.0, 1.0 ]
1865,[ 1044.0, 429.0, 1.0 ]
1866,[ 1044.0, 429.0, 1.0 ]
1874,[ 1068.0, 426.0, 1.0 ]
1875,[ 1068.0, 426.0, 1.0 ]
1915,[ 1188.0, 423.0, 1.0 ]
1916,[ 1188.0, 423.0, 1.0 ]
1933,[ 1236.0, 423.0, 1.0 ]
1934,[ 1236.0, 423.0, 1.0 ]
1935,[ 1239.0, 420.0, 1.0 ]
1936,[ 1239.0, 420.0, 1.0 ]
1941,[ 1251.0, 420.0, 1.0 ]
1942,[ 1251.0, 420.0, 1.0 ]
1962,[ 1308.0, 420.0, 1.0 ]
1963,[ 1308.0, 420.0, 1.0 ]
1967,[ 1320.0, 417.0, 1.0 ]
1968,[ 1320.0, 417.0, 1.0 ]
1970,[ 1326.0, 414.0, 1.0 ]
1971,[ 1326.0, 414.0, 1.0 ]
1972,[ 1329.0, 411.0, 1.0 ]
1973,[ 1329.0, 411.0, 1.0 ]
1988,[ 1308.0, 390.0, 1.0 ]
1989,[ 1308.0, 390.0, 1.0 ]
1997,[ 1284.0, 393.0, 1.0 ]
1998,[ 1284.0, 393.0, 1.0 ]
2014,[ 1236.0, 396.0, 1.0 ]
2015,[ 1236.0, 396.0, 1.0 ]
2023,[ 1212.0, 399.0, 1.0 ]
2024,[ 1212.0, 399.0, 1.0 ]
2050,[ 1134.0, 402.0, 1.0 ]
2051,[ 1134.0, 402.0, 1.0 ]
2065,[ 1092.0, 405.0, 1.0 ]
2066,[ 1092.0, 405.0, 1.0 ]
2082,[ 1044.0, 408.0, 1.0 ]
2083,[ 1044.0, 408.0, 1.0 ]
2099,[ 996.0, 411.0, 1.0 ]
2100,[ 996.0, 411.0, 1.0 ]
2132,[ 900.0, 414.0, 1.0 ]
2133,[ 900.0, 414.0, 1.0 ]
2149,[ 852.0, 417.0, 1.0 ]
2150,[ 852.0, 417.0, 1.0 ]
2174,[ 780.0, 420.0, 1.0 ]
2175,[ 780.0, 420.0, 1.0 ]
2187,[ 744.0, 423.0, 1.0 ]
2188,[ 744.0, 423.0, 1.0 ]
2216,[ 660.0, 426.0, 1.0 ]
2217,[ 660.0, 426.0, 1.0 ]
2230,[ 621.0, 429.0, 1.0 ]
2231,[ 621.0, 429.0, 1.0 ]
2247,[ 573.0, 432.0, 1.0 ]
2248,[ 573.0, 432.0, 1.0 ]
2267,[ 516.0, 435.0, 1.0 ]
2268,[ 516.0, 435.0, 1.0 ]
2292,[ 444.0, 438.0, 1.0 ]
2293,[ 444.0, 438.0, 1.0 ]
2309,[ 396.0, 441.0, 1.0 ]
2310,[ 396.0, 441.0, 1.0 ]
2326,[ 348.0, 444.0, 1.0 ]
2327,[ 348.0, 444.0, 1.0 ]
2335,[ 324.0, 447.0, 1.0 ]
2336,[ 324.0, 447.0, 1.0 ]
2372,[ 216.0, 450.0, 1.0 ]
2373,[ 216.0, 450.0, 1.0 ]
2393,[ 156.0, 453.0, 1.0 ]
2394,[ 156.0, 453.0, 1.0 ]
2415,[ 102.0, 447.0, 1.0 ]
2416,[ 102.0, 447.0, 1.0 ]
2417,[ 105.0, 444.0, 1.0 ]
2418,[ 105.0, 444.0, 1.0 ]
2420,[ 108.0, 438.0, 1.0 ]
2421,[ 108.0, 438.0, 1.0 ]
2431,[ 96.0, 423.0, 1.0 ]
2432,[ 96.0, 423.0, 1.0 ]
2436,[ 84.0, 426.0, 1.0 ]
2437,[ 84.0, 426.0, 1.0 ]
2443,[ 69.0, 432.0, 1.0 ]
2444,[ 69.0, 432.0, 1.0 ]
2446,[ 63.0, 435.0, 1.0 ]
2447,[ 63.0, 435.0, 1.0 ]
2448,[ 60.0, 438.0, 1.0 ]
2449,[ 60.0, 438.0, 1.0 ]
2450,[ 57.0, 441.0, 1.0 ]
2451,[ 57.0, 441.0, 1.0 ]
2454,[ 48.0, 444.0, 1.0 ]
2455,[ 48.0, 444.0, 1.0 ]
2456,[ 45.0, 447.0, 1.0 ]
2457,[ 45.0, 447.0, 1.0 ]
2461,[ 36.0, 453.0, 1.0 ]
2462,[ 36.0, 453.0, 1.0 ]
2464,[ 30.0, 456.0, 1.0 ]
2465,[ 30.0, 456.0, 1.0 ]
2466,[ 27.0, 459.0, 1.0 ]
2467,[ 27.0, 459.0, 1.0 ]
2468,[ 24.0, 462.0, 1.0 ]
2469,[ 24.0, 462.0, 1.0 ]
2512,[ 108.0, 504.0, 1.0 ]
2513,[ 108.0, 504.0, 1.0 ]
2513,[ 108.0, 504.0, 1.0 ]
2514,[ 108.0, 504.0, 0.0 ]
2514,[ 108.0, 504.0, 0.0 ]
2515,[ 108.0, 504.0, 0.0 ]
